0.100000 -0.079453 
0.300000 0.434417 
0.500000 0.318721 
0.700000 0.929859 
0.900000 1.022437 
1.100000 2.069667 
1.300000 -0.157833 
1.500000 2.439813 
1.700000 3.267342 
1.900000 2.544339 
2.100000 2.401956 
2.300000 2.237181 
2.500000 2.607474 
2.700000 1.432061 
2.900000 1.425274 
3.100000 -0.641127 
3.300000 -2.689478 
3.500000 -1.696419 
3.700000 -4.431699 
3.900000 -4.732784 
4.100000 -2.836110 
4.300000 -4.959837 
4.500000 -4.057098 
4.700000 -4.737798 
4.900000 -6.161432 
5.100000 -4.208950 
5.300000 -7.098907 
5.500000 -4.825417 
5.700000 -2.731375 
5.900000 -1.894561 
6.100000 -0.720444 
6.300000 0.768275 
6.500000 0.437759 
6.700000 1.606295 
6.900000 4.062545 
7.100000 6.326555 
7.300000 6.561862 
7.500000 7.726494 
7.700000 7.763815 
7.900000 9.513792 
8.100000 8.347373 
8.300000 8.693166 
8.500000 3.889699 
8.700000 5.279102 
8.900000 4.336651 
9.100000 2.088386 
9.300000 1.685226 
9.500000 -0.982340 
9.700000 -2.290192 
9.900000 -3.647605 
