   3.1156078e-01  -1.2411959e+01
   4.2857955e-01  -1.5242982e+01
   1.5994959e-01  -2.1411227e+01
   5.1472503e-02  -2.0862471e+01
   3.8650236e-01  -1.5333648e+01
   1.1320081e-01  -1.9774592e+01
   8.7931658e-01  -1.0732393e+01
   4.7947818e-01  -1.3054845e+01
   6.4150568e-01  -1.1050697e+01
   3.1343154e-01  -1.2554794e+01
   3.9139404e-01  -1.4111410e+01
   9.8686372e-01  -1.1067627e+01
   2.0287436e-01  -2.0837255e+01
   1.9425779e-01  -2.1325319e+01
   8.3040820e-01  -7.8598949e+00
   8.3567433e-02  -2.1350676e+01
   2.3716807e-01  -1.8305927e+01
   5.6945657e-02  -2.0019574e+01
   1.4379743e-01  -2.1425926e+01
   9.2508195e-01  -1.2247720e+01
   4.8108375e-01  -1.2489041e+01
   9.1274874e-01  -1.2472219e+01
   6.2932253e-01  -1.1314509e+01
   2.3011428e-01  -1.8924914e+01
   5.9213738e-01  -1.0398349e+01
   5.0363645e-01  -1.2077581e+01
   1.5033252e-01  -2.2235682e+01
   2.6963049e-01  -1.6658822e+01
   9.3856115e-01  -1.3655095e+01
   6.9789812e-02  -1.8981697e+01
   4.5847585e-01  -1.4840731e+01
   9.4999565e-01  -1.1723239e+01
   5.2714669e-01  -1.0616723e+01
   5.0169244e-01  -1.2578403e+01
   5.5809174e-01  -9.4863121e+00
   6.5407804e-01  -1.2459049e+01
   1.8562596e-01  -2.0916146e+01
   2.4496712e-01  -1.7382549e+01
   9.7250277e-01  -1.2282728e+01
   1.7368365e-01  -2.1436450e+01
   6.8808287e-01  -1.3331261e+01
   3.6609122e-01  -1.4804842e+01
   3.9230609e-01  -1.4023745e+01
   3.0370303e-01  -1.2863483e+01
   9.2578707e-01  -1.3378821e+01
   1.6416903e-02  -2.2180212e+01
   1.9469518e-01  -2.0401521e+01
   4.0656404e-01  -1.5864269e+01
   7.8957136e-01  -9.0687222e+00
   8.8099301e-01  -1.1149076e+01
   2.1757607e-01  -1.9757489e+01
   7.4277146e-01  -1.0191918e+01
   6.3942928e-01  -1.2005746e+01
   3.9112740e-01  -1.5794589e+01
   9.9524498e-01  -1.1060274e+01
   1.7078471e-01  -2.1986454e+01
   4.4071529e-01  -1.6507939e+01
   2.3842395e-01  -1.6887523e+01
   8.2918253e-01  -9.3539196e+00
   1.6001668e-01  -2.0772190e+01
   8.7832930e-01  -9.8844636e+00
   8.8348213e-01  -9.5634806e+00
   3.9937257e-01  -1.4987397e+01
   3.5649208e-01  -1.4689133e+01
   3.3576886e-01  -1.3372859e+01
   9.7777278e-01  -1.2452159e+01
   1.9925178e-01  -1.9840212e+01
   4.8218850e-01  -1.3656189e+01
   5.5734833e-01  -9.2836489e+00
   8.4442832e-01  -8.1985090e+00
   2.8027049e-01  -1.5763255e+01
   9.0999099e-01  -1.2554399e+01
   5.3206255e-01  -1.0081438e+01
   1.8214613e-02  -2.4467018e+01
   2.7749744e-01  -1.4766221e+01
   8.2400073e-01  -7.4101935e+00
   4.8283296e-01  -1.2532146e+01
   7.9501329e-01  -8.2094169e+00
   6.1256477e-01  -1.1065948e+01
   3.8238477e-01  -1.3152480e+01
   5.9128997e-01  -9.8204043e+00
   8.3463141e-01  -7.7710780e+00
   4.5078312e-01  -1.5735305e+01
   6.3058287e-01  -1.0912021e+01
   5.3186215e-01  -1.0531158e+01
   6.3877496e-01  -1.1174296e+01
   9.6594781e-01  -1.0878883e+01
   2.2091410e-01  -1.9610718e+01
   8.7657728e-01  -8.6386577e+00
   2.1842299e-01  -2.0093571e+01
   1.1477497e-01  -2.0823688e+01
   7.8466503e-01  -9.5597358e+00
   5.7913850e-01  -8.1858618e+00
   3.4784969e-01  -1.3132796e+01
   3.4150792e-01  -1.4269244e+01
   6.8108929e-01  -1.2960062e+01
   4.7944998e-01  -1.3605281e+01
   9.5487231e-01  -1.1668222e+01
   1.8168199e-01  -2.0791691e+01
   7.5122342e-01  -1.0861461e+01
