0.377419 0.240064 4 
0.448400 0.799467 3 
0.956457 0.147177 1 
0.204113 0.575097 2 
0.391077 0.831648 2 
0.547645 0.078967 2 
0.367068 0.161134 4 
0.186258 0.538968 3 
0.128963 0.978828 1 
0.505356 0.197947 3 
0.732103 0.903288 5 
0.812605 0.356972 2 
0.942142 0.395234 2 
0.968547 0.732717 5 
0.969308 0.513655 3 
0.571041 0.774462 3 
0.709124 0.373603 2 
0.581871 0.400452 3 
0.174338 0.786246 2 
0.155438 0.384193 4 
0.505829 0.132547 3 
0.974584 0.011158 1 
0.262481 0.344624 4 
0.403948 0.568307 2 
0.190874 0.511768 3 
0.877920 0.738621 4 
0.870136 0.299006 2 
0.462095 0.963408 2 
0.045997 0.763431 1 
0.517827 0.486229 3 
0.809295 0.355898 2 
0.413311 0.397708 2 
0.900589 0.858393 5 
0.370121 0.786364 2 
0.365978 0.006784 4 
0.979564 0.751653 5 
0.859854 0.417980 2 
0.246610 0.242395 4 
0.091650 0.750037 2 
0.925662 0.406815 2 
0.322769 0.766140 2 
0.258949 0.585118 2 
0.014498 0.485972 3 
0.549904 0.793485 3 
0.833255 0.486760 3 
0.178552 0.764272 2 
0.374146 0.055607 4 
0.759853 0.380309 2 
0.240337 0.977831 1 
0.290133 0.358280 4 
0.253720 0.893981 2 
0.179340 0.467885 3 
0.822662 0.926208 5 
0.369248 0.643824 2 
0.979297 0.566880 3 
0.884527 0.012209 1 
0.802157 0.215450 2 
0.716949 0.098011 2 
0.276030 0.711739 2 
0.141425 0.099865 5 
0.132752 0.827044 1 
0.494427 0.692640 3 
0.439624 0.622149 2 
0.444552 0.753964 3 
0.927174 0.389821 2 
0.602307 0.905937 4 
0.740806 0.709293 4 
0.504487 0.382592 2 
0.974296 0.197038 1 
0.866250 0.593676 4 
0.352377 0.961318 2 
0.693152 0.804127 4 
0.511591 0.148536 3 
0.567584 0.397318 2 
0.289876 0.120270 4 
0.197986 0.638634 2 
0.589005 0.352541 2 
0.627669 0.312532 2 
0.112200 0.952317 1 
0.772157 0.522697 3 
0.837612 0.339114 2 
0.918958 0.449152 2 
0.240522 0.458079 3 
0.927902 0.432266 2 
0.301652 0.803022 2 
0.686751 0.197168 2 
0.641781 0.714550 4 
0.020111 0.443098 4 
0.273734 0.172346 4 
0.840576 0.684718 4 
0.328367 0.034453 4 
0.570774 0.232506 2 
0.246254 0.018700 5 
0.054932 0.605176 2 
0.162497 0.664359 2 
0.479814 0.097958 3 
0.595655 0.720179 3 
0.686063 0.671476 3 
0.745230 0.058736 2 
0.615762 0.623134 3 
0.052218 0.126615 5 
0.201506 0.453574 3 
0.229903 0.013343 5 
0.361168 0.601264 2 
0.717708 0.831595 4 
0.147786 0.947507 1 
0.888592 0.787184 5 
0.542137 0.342589 3 
0.542349 0.678774 3 
0.212915 0.762167 2 
0.886836 0.816332 5 
0.319448 0.502345 3 
0.900426 0.742927 4 
0.110405 0.691613 2 
0.042322 0.087833 5 
0.427181 0.341868 3 
0.312465 0.393704 3 
0.578116 0.303052 2 
0.924006 0.644601 4 
0.250516 0.720711 2 
0.771907 0.354437 2 
0.256279 0.588931 2 
0.079323 0.126335 5 
0.273233 0.832253 2 
0.272868 0.933422 2 
0.624874 0.656374 4 
0.568438 0.370394 3 
0.790289 0.582484 4 
0.047010 0.531029 2 
0.067350 0.512768 4 
0.122157 0.990824 1 
0.822516 0.977463 5 
0.647705 0.763045 4 
0.030590 0.277411 5 
0.562321 0.176483 2 
0.224829 0.740931 2 
0.054885 0.994578 1 
0.120261 0.028514 5 
0.789913 0.210605 2 
0.558539 0.927984 3 
0.826247 0.789805 4 
0.848835 0.737602 4 
0.928155 0.888646 5 
0.083246 0.068271 5 
0.220142 0.159112 5 
0.121767 0.173512 5 
0.284215 0.945955 2 
0.738605 0.652499 4 
0.854457 0.073455 1 
0.457835 0.286041 3 
0.208768 0.203710 4 
0.886457 0.844699 5 
0.352476 0.882551 2 
0.468841 0.164377 3 
0.252503 0.102606 4 
0.564977 0.007023 2 
0.331171 0.034613 4 
0.828774 0.987100 5 
0.736213 0.200691 2 
0.304730 0.796567 2 
0.481098 0.549064 3 
0.502287 0.105158 3 
0.762456 0.551426 3 
0.069055 0.955288 1 
0.561018 0.646089 3 
0.574477 0.768909 3 
0.261896 0.535670 3 
0.297971 0.815449 2 
0.792763 0.236482 2 
0.862221 0.572590 3 
0.778977 0.805352 4 
0.793093 0.336516 2 
0.414744 0.041319 4 
0.450254 0.245139 3 
0.328745 0.537033 2 
0.915502 0.698390 4 
0.041592 0.167247 5 
0.919990 0.849770 5 
0.007755 0.839756 1 
0.592966 0.484242 2 
0.047713 0.076054 5 
0.511164 0.245937 3 
0.044923 0.212992 5 
0.675537 0.663268 4 
0.909304 0.959630 5 
0.537076 0.905604 3 
0.540823 0.887293 3 
0.474494 0.579250 2 
0.009643 0.432112 4 
0.125924 0.598812 2 
0.521024 0.386013 3 
0.587198 0.045174 2 
0.097971 0.109032 5 
0.778109 0.405084 2 
0.209950 0.559623 3 
0.606168 0.237150 3 
0.594444 0.504231 3 
0.411255 0.244769 3 
0.384757 0.540293 3 
0.922609 0.620666 4 
0.110858 0.492412 3 
0.822754 0.302337 2 
0.823829 0.435066 2 
0.438558 0.446467 3 
0.991438 0.973141 5 
0.554407 0.769194 4 
0.488961 0.676662 3 
0.787608 0.072718 1 
0.284675 0.979812 1 
0.393716 0.423891 3 
0.491059 0.875224 3 
0.989485 0.536238 3 
0.363705 0.349074 3 
0.762928 0.118254 1 
0.735700 0.722252 4 
0.873893 0.930000 5 
0.529908 0.996108 3 
0.974944 0.098779 1 
0.142318 0.368761 4 
0.361360 0.963833 2 
0.231600 0.357559 4 
0.518711 0.978422 4 
0.066123 0.661821 2 
0.497400 0.467183 2 
0.016805 0.503191 3 
0.568376 0.158517 2 
0.835917 0.677750 4 
0.755530 0.837823 4 
0.508581 0.391872 3 
0.759377 0.465620 3 
0.536375 0.238214 3 
0.689485 0.417255 3 
0.695799 0.323261 2 
0.611809 0.256327 2 
0.601189 0.955473 4 
0.548625 0.123784 3 
0.609132 0.867743 4 
0.229699 0.013575 5 
0.738738 0.995713 4 
0.419833 0.993676 2 
0.822176 0.374745 2 
0.124339 0.071049 5 
0.546892 0.198447 3 
0.741312 0.433789 2 
0.052608 0.937674 1 
0.442736 0.321279 4 
0.046829 0.999347 1 
0.963002 0.091360 1 
0.217484 0.029497 5 
0.832230 0.664565 4 
0.428504 0.866813 2 
0.332517 0.009115 4 
0.153275 0.240317 4 
0.310725 0.446252 2 
0.011743 0.411681 4 
0.694901 0.246790 2 
0.015840 0.568923 2 
0.414738 0.959968 2 
0.528415 0.961447 3 
0.198317 0.402517 3 
0.359750 0.095065 4 
0.076217 0.334195 4 
0.609130 0.718401 3 
0.444444 0.147923 4 
0.704557 0.604538 3 
0.519390 0.856566 3 
0.550217 0.424146 3 
0.373788 0.603622 2 
0.278074 0.654652 2 
0.607317 0.718060 3 
0.948364 0.616657 4 
0.402003 0.114206 4 
0.722502 0.844167 4 
0.767309 0.152609 2 
0.503095 0.902034 4 
0.622635 0.753519 4 
0.898981 0.217010 1 
0.590674 0.332919 2 
0.391900 0.492902 3 
0.751117 0.882619 4 
0.426875 0.615656 2 
0.077293 0.080082 5 
0.585578 0.484309 3 
0.241259 0.067676 5 
0.558182 0.802686 3 
0.377029 0.487578 3 
0.838512 0.436430 2 
0.020517 0.504897 2 
0.913911 0.272079 2 
0.661383 0.789913 4 
0.965967 0.177649 1 
0.745410 0.465322 2 
0.884698 0.021364 1 
0.353026 0.388886 3 
0.745083 0.273933 2 
0.773692 0.023456 1 
0.080847 0.972297 1 
0.557507 0.144619 2 
0.945825 0.836109 5 
0.534236 0.344565 3 
0.593082 0.183027 2 
0.556342 0.400406 3 
0.281371 0.398229 3 
0.815333 0.782081 4 
0.921496 0.785357 5 
0.482952 0.304869 2 
0.504367 0.086637 3 
0.708081 0.822135 4 
0.812700 0.534096 3 
0.061814 0.308867 4 
0.600473 0.034251 2 
0.596738 0.156743 2 
0.501149 0.163031 2 
0.226805 0.792374 2 
0.403368 0.725473 2 
0.797293 0.386506 2 
0.675687 0.734714 4 
0.535642 0.426016 2 
0.940796 0.056873 1 
0.394378 0.745159 2 
0.154711 0.552614 3 
0.422666 0.732551 2 
0.631837 0.707189 4 
0.343983 0.764922 2 
0.084548 0.019729 5 
0.147261 0.451054 4 
0.935794 0.174702 1 
0.603342 0.361842 3 
0.201348 0.314247 4 
0.500420 0.896799 3 
0.453770 0.868644 2 
0.756054 0.633743 4 
0.058163 0.243709 5 
0.362668 0.583896 3 
0.833935 0.790074 4 
0.235729 0.678530 2 
0.651966 0.212605 2 
0.818756 0.185504 1 
0.099434 0.117700 5 
0.534434 0.892047 3 
0.603553 0.323888 2 
0.637665 0.599236 3 
0.552460 0.895300 4 
0.710984 0.587960 3 
0.193675 0.434153 3 
0.065527 0.125772 5 
0.340019 0.799258 2 
0.984526 0.651197 4 
0.805257 0.046693 1 
0.344479 0.446353 3 
0.665281 0.515123 3 
0.826950 0.687716 4 
0.439224 0.085705 4 
0.650392 0.610360 3 
0.860947 0.916136 5 
0.470391 0.387839 3 
0.808644 0.096088 1 
0.928553 0.399658 2 
0.590725 0.300914 3 
0.224790 0.547883 2 
0.336141 0.104725 4 
0.422475 0.524391 3 
0.283903 0.016764 4 
0.303972 0.272877 3 
0.413189 0.290623 4 
0.302889 0.566303 2 
0.235908 0.886771 2 
0.064644 0.607913 2 
0.480682 0.454528 3 
0.359262 0.983448 2 
0.957751 0.603601 4 
0.438819 0.942630 2 
0.376076 0.884766 2 
0.368089 0.362948 4 
0.919920 0.125777 1 
0.665880 0.462192 3 
0.664999 0.819320 4 
0.774965 0.986772 5 
0.146000 0.648082 2 
0.091156 0.411292 4 
0.986781 0.664708 4 
0.341535 0.524474 3 
0.871465 0.203855 1 
0.123198 0.209120 5 
0.494943 0.243417 2 
0.407033 0.227187 3 
0.417528 0.032233 4 
0.323783 0.966152 2 
0.113867 0.508370 3 
0.230544 0.424146 3 
0.493804 0.344340 3 
0.266295 0.930766 1 
0.141100 0.233940 4 
0.375892 0.794469 2 
0.120722 0.067638 5 
0.157052 0.278013 4 
0.969990 0.885641 5 
0.585658 0.928185 4 
0.310521 0.883519 2 
0.787345 0.618513 4 
0.754563 0.549397 4 
0.479545 0.405289 3 
0.670324 0.203456 2 
0.419582 0.343244 3 
0.795747 0.600765 4 
0.287470 0.142936 4 
0.342184 0.642238 3 
0.697445 0.584366 4 
0.342964 0.664202 2 
0.576258 0.609837 3 
0.779489 0.252908 2 
0.949555 0.624916 4 
0.993793 0.795963 5 
0.905034 0.469084 3 
0.885631 0.300083 2 
0.464751 0.374317 3 
0.213019 0.255754 4 
0.591517 0.425736 2 
0.290605 0.817698 2 
0.564911 0.023467 2 
0.515862 0.595188 2 
0.271130 0.169017 5 
0.166083 0.880999 1 
0.893319 0.389296 2 
0.905547 0.478241 3 
0.683326 0.536768 3 
0.979014 0.913395 5 
0.034562 0.819779 1 
0.458182 0.947022 3 
0.716153 0.333997 2 
0.995464 0.676284 4 
0.298167 0.057437 4 
0.118766 0.597698 2 
0.440635 0.443475 2 
0.490346 0.453070 3 
0.192647 0.262397 4 
0.123753 0.397508 4 
0.240551 0.726528 2 
0.905418 0.649659 4 
0.884775 0.236613 2 
0.681801 0.029944 2 
0.389520 0.158746 4 
0.864531 0.917616 5 
0.962521 0.455403 2 
0.952947 0.287901 1 
0.212415 0.922608 1 
0.550598 0.426184 2 
0.092377 0.599414 2 
0.712960 0.826416 4 
0.728288 0.150001 2 
0.774720 0.758000 4 
0.166259 0.809635 1 
0.742228 0.528854 3 
0.655179 0.823954 4 
0.461826 0.173663 4 
0.165602 0.496232 2 
0.168028 0.786958 1 
0.929287 0.832084 5 
0.876493 0.902036 5 
0.264827 0.176657 4 
0.904206 0.264370 2 
0.784137 0.205733 2 
0.360575 0.325405 3 
0.584666 0.123387 2 
0.933073 0.934355 5 
0.395901 0.897699 2 
0.635502 0.658023 3 
0.745226 0.468079 3 
0.281283 0.526666 3 
0.181129 0.919785 1 
0.372152 0.324357 3 
0.403240 0.094613 4 
0.155031 0.139558 5 
0.122390 0.699387 2 
0.786828 0.758536 4 
0.925678 0.446436 2 
0.768508 0.424130 2 
0.641042 0.131201 2 
0.861749 0.934121 5 
0.253232 0.361739 4 
0.003832 0.336494 4 
0.609280 0.100491 2 
0.507902 0.085896 3 
0.537648 0.500986 3 
0.642995 0.889421 4 
0.617690 0.076734 2 
0.722122 0.853928 4 
0.289673 0.347827 4 
0.964517 0.773301 5 
0.178342 0.614683 2 
0.367514 0.093066 4 
0.707339 0.200132 2 
0.951694 0.071325 1 
0.263911 0.147685 4 
0.640211 0.422420 2 
0.759641 0.097543 2 
0.220635 0.460965 3 
0.158640 0.398983 4 
0.540900 0.652844 3 
0.079295 0.444699 3 
0.080412 0.094215 5 
0.372096 0.828867 2 
0.640514 0.629903 4 
0.899991 0.321252 2 
0.497649 0.566809 3 
0.982052 0.189123 1 
0.599805 0.958408 4 
0.757081 0.285698 2 
0.325541 0.769317 2 
0.928054 0.098345 1 
0.536361 0.483928 3 
0.246974 0.079746 5 
0.656229 0.812337 4 
0.758946 0.877003 4 
0.017798 0.230234 5 
0.463123 0.316023 3 
0.344334 0.136813 4 
0.359930 0.396635 4 
0.467049 0.439032 3 
0.310806 0.485023 2 
0.428542 0.293615 3 
0.142910 0.886277 1 
0.560447 0.903488 4 
0.149648 0.845974 1 
0.993979 0.984995 5 
0.731759 0.706019 4 
0.639273 0.522663 3 
0.804534 0.280867 2 
0.419730 0.987028 2 
0.258736 0.809334 2 
0.483453 0.969620 3 
0.422418 0.615149 3 
0.542155 0.852710 3 
0.559047 0.088895 2 
0.505993 0.966361 3 
0.329818 0.494367 3 
0.298183 0.796498 2 
0.436981 0.506933 3 
0.815555 0.611570 4 
0.804578 0.000573 1 
0.063714 0.320618 4 
0.572099 0.595574 3 
0.116409 0.127663 5 
0.240438 0.664028 2 
0.506834 0.349131 3 
0.136676 0.156397 5 
0.945763 0.980099 5 
0.445782 0.303507 3 
0.862560 0.963348 5 
0.993737 0.718632 4 
0.221972 0.419041 4 
0.473727 0.760006 3 
0.268967 0.011635 5 
0.804803 0.759193 4 
0.875998 0.519911 3 
0.472692 0.646976 3 
0.499380 0.217412 3 
0.757693 0.591297 3 
0.315266 0.105478 4 
0.858488 0.751294 4 
0.697212 0.585423 4 
0.584801 0.845693 4 
0.195390 0.184680 4 
0.155968 0.746151 2 
0.055074 0.905316 1 
0.921695 0.337617 2 
0.920225 0.953714 5 
0.499052 0.789552 3 
0.841260 0.720074 4 
0.774955 0.921655 5 
0.882806 0.980213 5 
0.805608 0.110605 1 
0.948259 0.914377 5 
0.435208 0.400074 2 
0.410217 0.892539 2 
0.393235 0.992577 2 
0.538300 0.764563 3 
0.367297 0.134134 4 
0.210609 0.119058 5 
0.715911 0.173745 2 
0.387037 0.613159 2 
0.810115 0.249820 2 
0.462590 0.947251 2 
0.334388 0.696502 2 
0.340813 0.955196 2 
0.544569 0.998495 4 
0.492622 0.473922 3 
0.993137 0.951441 5 
0.886556 0.085809 1 
0.816714 0.848049 4 
0.621599 0.738262 4 
0.806384 0.308430 2 
0.300400 0.151336 4 
0.260630 0.266107 4 
0.951414 0.699736 5 
0.113541 0.880867 1 
0.281324 0.565575 2 
0.600306 0.196875 2 
0.124755 0.986878 1 
0.908311 0.577646 4 
0.760418 0.009625 1 
0.507030 0.066965 3 
0.750724 0.474617 3 
0.071735 0.325529 4 
0.691537 0.016324 1 
0.776264 0.284990 2 
0.482131 0.176384 3 
0.381282 0.758685 2 
0.328686 0.613940 2 
0.684165 0.099410 2 
0.032971 0.495347 4 
0.427694 0.477777 3 
0.829744 0.624653 4 
0.699033 0.681767 4 
0.603141 0.160914 2 
0.592118 0.195544 2 
0.959023 0.581786 4 
0.923837 0.103041 1 
0.077632 0.266170 4 
0.611778 0.911445 4 
0.811944 0.897173 5 
0.538824 0.469586 2 
0.761247 0.421058 3 
0.137495 0.181955 5 
0.536343 0.024091 3 
0.158428 0.143485 5 
0.150016 0.929647 1 
0.509684 0.214756 3 
0.627248 0.887347 4 
0.939671 0.930455 5 
0.785507 0.302302 2 
0.223661 0.130875 4 
0.863268 0.960143 5 
0.797800 0.831445 5 
0.836468 0.208445 2 
0.905543 0.322386 2 
0.002783 0.635685 2 
0.653742 0.382785 2 
0.693179 0.548628 4 
0.121843 0.482449 3 
0.853214 0.738411 4 
0.767664 0.307391 2 
0.161030 0.004195 5 
0.692933 0.717294 3 
0.416715 0.704299 3 
0.484091 0.042135 3 
0.559938 0.284497 2 
0.152121 0.913971 1 
0.869285 0.882470 5 
0.313361 0.961064 2 
0.658043 0.773769 4 
0.236520 0.171035 4 
0.833838 0.118038 1 
0.062929 0.458646 3 
0.359100 0.887814 2 
0.498217 0.251344 3 
0.163145 0.463937 3 
0.676654 0.094447 2 
0.411806 0.720990 2 
0.272437 0.351814 4 
0.930270 0.346782 2 
0.771312 0.878213 5 
0.394120 0.036726 4 
0.306871 0.170658 4 
0.913838 0.093456 1 
0.958711 0.263348 2 
0.885816 0.737270 4 
0.319262 0.054430 4 
0.435813 0.689776 2 
0.688643 0.532290 3 
0.482807 0.446891 3 
0.726440 0.458482 3 
0.491605 0.654299 3 
0.543752 0.012011 2 
0.915242 0.997760 5 
0.361782 0.388591 3 
0.811495 0.732475 4 
0.492508 0.989087 2 
0.471632 0.762138 3 
0.067212 0.015886 5 
0.196419 0.190142 5 
0.246796 0.655733 2 
0.721532 0.850690 4 
0.515169 0.637212 3 
0.753019 0.976693 5 
0.994154 0.034610 1 
0.372185 0.005021 4 
0.289481 0.239472 4 
0.654396 0.270897 2 
0.992013 0.832411 5 
0.001488 0.922083 1 
0.821244 0.820606 4 
0.142424 0.019630 5 
0.666203 0.514585 3 
0.422718 0.953562 2 
0.788791 0.816613 5 
0.421779 0.973273 2 
0.410797 0.834159 2 
0.212404 0.998079 1 
0.839229 0.745780 4 
0.463352 0.272489 3 
0.646375 0.002232 2 
0.293927 0.374361 4 
0.904725 0.668440 4 
0.631938 0.944343 4 
0.105569 0.456242 3 
0.880427 0.694758 4 
0.625827 0.642161 3 
0.439363 0.106647 4 
0.470814 0.869538 2 
0.090747 0.555800 2 
0.043673 0.208620 5 
0.679703 0.968599 4 
0.242121 0.530946 2 
0.142484 0.361702 4 
0.566288 0.400323 3 
0.692771 0.768259 4 
0.572598 0.768285 3 
0.088933 0.832394 1 
0.453624 0.319701 3 
0.326455 0.565761 2 
0.195572 0.236963 4 
0.138024 0.715081 2 
0.383031 0.600297 3 
0.222217 0.265425 4 
0.349703 0.896138 2 
0.647112 0.137082 2 
0.888907 0.348578 2 
0.373939 0.274052 4 
0.353767 0.965492 2 
0.648644 0.433634 2 
0.570557 0.941505 4 
0.387427 0.968456 2 
0.519584 0.272222 2 
0.701913 0.175860 2 
0.126483 0.632914 2 
0.773512 0.575785 3 
0.626367 0.459323 2 
0.025640 0.732322 1 
0.907437 0.973162 5 
0.957520 0.166936 1 
0.923407 0.434605 2 
0.472005 0.497191 3 
0.284358 0.290904 4 
0.955421 0.647072 4 
0.659878 0.962221 4 
0.549767 0.274778 2 
0.309010 0.358175 4 
0.988986 0.002208 1 
0.220990 0.197433 4 
0.892672 0.180027 1 
0.167278 0.773915 2 
0.733249 0.381779 2 
0.727913 0.051820 2 
0.618590 0.652787 3 
0.825536 0.962869 5 
0.167612 0.183575 5 
0.635050 0.576117 3 
0.412895 0.730470 2 
0.788582 0.375721 2 
0.306424 0.294681 4 
0.087489 0.212888 5 
0.431036 0.351410 3 
0.064043 0.528597 2 
0.521168 0.303310 2 
0.391482 0.260333 4 
0.435510 0.344114 4 
0.896301 0.289508 1 
0.217067 0.619218 2 
0.330825 0.282263 4 
0.115536 0.031233 5 
0.721804 0.272430 2 
0.946413 0.890398 5 
0.086128 0.567552 2 
0.655351 0.895509 4 
0.762779 0.032962 1 
0.366479 0.748035 2 
0.800096 0.106141 1 
0.352580 0.423676 3 
0.154281 0.957835 1 
0.467175 0.666348 4 
0.509700 0.782607 3 
0.014933 0.884915 1 
0.828067 0.956294 5 
0.545163 0.990352 3 
0.130320 0.376324 4 
0.325536 0.329126 3 
0.816243 0.788828 4 
0.341779 0.110809 4 
0.584519 0.001244 2 
0.043392 0.074103 5 
0.100551 0.823720 1 
0.790421 0.380086 2 
0.341013 0.036923 4 
0.693738 0.632179 4 
0.657078 0.058507 2 
0.469437 0.649663 2 
0.947150 0.033320 1 
0.281813 0.444138 3 
0.106282 0.297043 4 
0.729372 0.367518 2 
0.567751 0.965789 4 
0.162989 0.467703 3 
0.241247 0.532413 2 
0.281758 0.829318 2 
0.033175 0.477594 3 
0.932138 0.795008 5 
0.736754 0.136209 2 
0.051410 0.773235 1 
0.880957 0.640635 4 
0.320334 0.500653 3 
0.272834 0.289690 4 
0.065502 0.053161 5 
0.389726 0.469327 3 
0.796804 0.018882 1 
0.004682 0.710336 2 
0.321752 0.290142 4 
0.128135 0.711663 2 
0.508080 0.853259 3 
0.399285 0.262477 4 
0.750525 0.808848 4 
0.471915 0.223544 3 
0.670038 0.784602 4 
0.693157 0.889640 4 
0.917648 0.481393 3 
0.540109 0.381861 3 
0.192069 0.171935 5 
0.652706 0.865556 4 
0.028964 0.864052 1 
0.519902 0.010341 2 
0.396868 0.627294 2 
0.901871 0.278262 1 
0.769576 0.796956 4 
0.936383 0.808485 5 
0.057545 0.925866 1 
0.365608 0.751318 2 
0.037160 0.244558 5 
0.211211 0.283641 4 
0.462464 0.503621 3 
0.042900 0.771582 1 
0.228474 0.906905 2 
0.747487 0.148601 2 
0.655553 0.268021 2 
0.640084 0.909094 4 
0.559190 0.047310 2 
0.530263 0.098155 2 
0.785343 0.397366 2 
0.249014 0.589535 2 
0.535438 0.252253 3 
0.360260 0.331124 4 
0.771461 0.896198 5 
0.345944 0.739854 2 
0.123203 0.240556 5 
0.218374 0.650267 2 
0.013344 0.333734 4 
0.078335 0.232369 5 
0.489188 0.160427 3 
0.990609 0.973507 5 
0.190882 0.649460 2 
0.560523 0.747451 3 
0.063790 0.484498 3 
0.747310 0.507936 2 
0.318452 0.418555 3 
0.769306 0.061705 1 
0.462379 0.472361 3 
0.152753 0.900816 1 
0.536638 0.628926 3 
0.859998 0.996999 5 
0.309659 0.029505 4 
0.444496 0.913995 2 
0.845776 0.681073 4 
0.116163 0.188524 5 
0.970777 0.822968 5 
0.386513 0.828205 2 
0.768451 0.168824 2 
0.616022 0.167717 2 
0.652811 0.768961 4 
0.249808 0.023052 5 
0.736205 0.672180 4 
0.065827 0.255959 4 
0.230467 0.903716 2 
0.273371 0.507283 2 
0.382040 0.800154 2 
0.552291 0.951815 4 
0.994447 0.739440 5 
0.896905 0.657391 4 
0.645585 0.160247 2 
0.265673 0.688393 2 
0.047996 0.676956 2 
0.361198 0.647178 2 
0.817837 0.956554 5 
0.841918 0.014023 1 
0.287422 0.318770 4 
0.320679 0.803657 2 
0.058064 0.825674 1 
0.238934 0.261612 4 
0.108239 0.306469 4 
0.472113 0.562761 2 
0.754140 0.249523 2 
0.330451 0.767967 2 
0.890755 0.248205 2 
0.706104 0.376045 2 
0.721050 0.438677 2 
0.079397 0.265034 5 
0.612612 0.081154 2 
0.686502 0.941159 4 
0.678507 0.745622 4 
0.510311 0.486628 3 
0.498812 0.112625 3 
0.533065 0.320801 3 
0.365195 0.194497 4 
0.973684 0.018457 1 
0.744463 0.386331 2 
0.908053 0.503845 3 
0.698063 0.045778 2 
0.564859 0.253232 2 
0.864542 0.663874 4 
0.466205 0.196773 3 
0.837832 0.790172 4 
0.487934 0.917138 2 
0.585238 0.863242 4 
0.624088 0.880637 4 
0.069141 0.908505 1 
0.113192 0.052623 5 
0.833777 0.379295 2 
0.600910 0.824392 3 
0.950504 0.204526 1 
0.824756 0.598472 4 
0.335646 0.032798 4 
0.052071 0.060383 5 
0.696877 0.089997 2 
0.117460 0.195863 4 
0.130345 0.508790 2 
0.414875 0.188365 4 
0.959744 0.469865 2 
0.576060 0.410486 2 
0.007544 0.666811 2 
0.845208 0.886956 5 
0.229239 0.315758 4 
0.687541 0.747483 4 
0.946303 0.852616 5 
0.545703 0.791917 3 
0.453818 0.602987 3 
0.703227 0.201334 2 
0.648143 0.131641 2 
0.473806 0.887296 3 
0.936306 0.074024 1 
0.998643 0.717199 5 
0.134374 0.134986 5 
0.882537 0.115913 1 
0.025577 0.045502 5 
0.365003 0.330015 3 
0.796599 0.170446 2 
0.994639 0.875309 5 
0.303184 0.559237 2 
0.364048 0.447041 3 
0.642279 0.386391 3 
0.181958 0.793111 2 
0.712048 0.658903 4 
0.639130 0.909854 4 
0.755457 0.489068 3 
0.570069 0.361477 2 
0.901916 0.229222 1 
0.980929 0.021077 1 
0.337436 0.923369 2 
0.781158 0.755198 4 
0.593385 0.270996 2 
0.445722 0.359476 2 
0.897803 0.432891 2 
0.614138 0.123589 2 
0.456135 0.582767 2 
0.126711 0.530339 2 
0.166626 0.721948 2 
0.974171 0.561068 3 
0.635377 0.570683 3 
0.349984 0.967241 2 
0.874263 0.583503 4 
0.534114 0.902222 3 
0.444649 0.193424 3 
0.598552 0.588844 3 
0.272328 0.172787 4 
0.568372 0.449968 2 
0.576777 0.031944 2 
0.263456 0.762260 2 
0.355248 0.386501 3 
0.957081 0.800464 5 
0.609998 0.156573 2 
0.242255 0.800690 2 
0.440525 0.698074 3 
0.262564 0.732149 2 
0.816148 0.033910 1 
0.669478 0.947013 4 
0.275682 0.330566 4 
0.805834 0.983227 5 
0.524035 0.159716 3 
0.878064 0.898640 5 
0.674390 0.266546 2 
0.395408 0.304606 3 
0.482267 0.755543 2 
0.217648 0.373576 4 
